Ordinary leaching - direct
100	0	2400	0	0	600	1	0	0
1000.   32.0  680.0	700.0   20.0
240000.0
4.925	5.3750	4.925	5.3750
1.03	1.2019
0.01    120
0.0	0.0	0.0
10
75
100
100
100
100
100
100
100
100
100
100
100
100
100
100
100
100
100
100
100
100
100
100
100
100
100
100
100
100
100
88
88
88
88
88
88
88
88
88
88
88
88
88
88
88
88
88
88
88
75
75
75
75
75
75
75
75
75
75
75
75
75
75
75
75
75
75
75
75
75
50
35
10
2
2
2
2
2
2
2
2
2
2
2
2
2
2
2
2
2
2
2
2
2
2
2
2
2
2
2
1.0   0.05   4000.   4000.
Ordinary leaching - reverse
100	0	2400	1	0	600	1	0	0
1000.   680.0	32.0  0.0   20.0
240000.0
4.925	5.3750	4.925	5.3750
1.03	0.0
0.01    120
0.0	0.0	0.0
Leach fill
100	2	2400	1	0	600	1	0	0
1000.   480.0	32.0  0.0   20.0
240000.0
4.925	5.3750	4.925	5.3750
1.03	0.0
0.01    120
240000.0	0.0	0.0
Withdrawal leaching
100	1	2400	1	0	600	1	0	0
1000.   680.0	32.0  0.0   20.0
240000.0
4.925	5.3750	4.925	5.3750
1.03	0.0
0.01    120
0.0	0.0	0.0
END
